1 73.674519
2 15.912519
3 9.524444
4 6.186444
5 4.350630
6 3.171852
7 2.461667
8 1.963630
9 1.611741
10 1.350778
11 1.145815
12 0.982037
13 0.864444
14 0.759407
15 0.665741
16 0.594185
17 0.542444
18 0.496741
19 0.444667
20 0.402963
21 0.372259
22 0.350630
23 0.322704
24 0.299259
25 0.280556
26 0.261556
27 0.241815
28 0.229259
29 0.214889
30 0.197037
31 0.187741
32 0.174074
33 0.171815
34 0.162148
35 0.155630
36 0.152259
37 0.139704
38 0.133074
39 0.129593
40 0.122852
41 0.114667
42 0.108667
43 0.105481
44 0.104185
45 0.101519
46 0.093926
47 0.094148
48 0.086852
49 0.086667
50 0.084037
51 0.082852
52 0.075481
53 0.077074
54 0.071296
55 0.071407
56 0.067333
57 0.066111
58 0.062074
59 0.060593
60 0.060259
61 0.057630
62 0.058704
63 0.054259
64 0.049889
65 0.053185
66 0.051296
67 0.048741
68 0.050444
69 0.046630
70 0.047481
71 0.043667
72 0.045519
73 0.041148
74 0.042630
75 0.040778
76 0.037519
77 0.038667
78 0.038926
79 0.037630
80 0.034444
81 0.036259
82 0.037111
83 0.036296
84 0.033296
85 0.031889
86 0.032778
87 0.033333
88 0.029556
89 0.030111
90 0.029333
91 0.030444
92 0.027852
93 0.028296
94 0.026630
95 0.027148
96 0.027444
97 0.025296
98 0.027704
99 0.024815
100 0.025889
101 0.023889
102 0.024963
103 0.024037
104 0.022333
105 0.023074
106 0.021370
107 0.022444
108 0.020444
109 0.021074
110 0.021000
111 0.021593
112 0.019852
113 0.021333
114 0.020481
115 0.018852
116 0.018704
117 0.020259
118 0.019593
119 0.017778
120 0.018222
121 0.018519
122 0.016889
123 0.016926
124 0.016593
125 0.015370
126 0.017185
127 0.016333
128 0.015296
129 0.016704
130 0.015370
131 0.016333
132 0.014704
133 0.016333
134 0.014704
135 0.013963
136 0.013704
137 0.014889
138 0.013889
139 0.013852
140 0.013889
141 0.012667
142 0.013926
143 0.013519
144 0.012259
145 0.012778
146 0.012926
147 0.013111
148 0.012815
149 0.012370
150 0.012926
151 0.011963
152 0.013000
153 0.012963
154 0.012741
155 0.011111
156 0.010556
157 0.011037
158 0.012148
159 0.010593
160 0.010704
161 0.011111
162 0.010667
163 0.009667
164 0.011370
165 0.009741
166 0.010556
167 0.010556
168 0.010926
169 0.009370
170 0.009852
171 0.011667
172 0.010778
173 0.009370
174 0.010074
175 0.008556
176 0.010074
177 0.010519
178 0.009185
179 0.008852
180 0.008815
181 0.009519
182 0.009778
183 0.008519
184 0.007889
185 0.008963
186 0.008704
187 0.007185
188 0.007815
189 0.007889
190 0.009111
191 0.008222
192 0.008593
193 0.008593
194 0.007778
195 0.008296
196 0.007259
197 0.007444
198 0.007704
199 0.007444
200 0.007519
201 0.007852
202 0.006889
203 0.007667
204 0.006815
205 0.007185
206 0.007259
207 0.007000
208 0.007815
209 0.006630
210 0.006593
211 0.006630
212 0.007407
213 0.006815
214 0.006963
215 0.007074
216 0.006519
217 0.007704
218 0.005926
219 0.006407
220 0.006444
221 0.006481
222 0.006778
223 0.006333
224 0.007185
225 0.005593
226 0.006407
227 0.006481
228 0.005556
229 0.005370
230 0.005407
231 0.005370
232 0.006407
233 0.005815
234 0.004963
235 0.006481
236 0.005259
237 0.005556
238 0.005556
239 0.004630
240 0.004704
241 0.005259
242 0.005481
243 0.005148
244 0.005074
245 0.005481
246 0.005926
247 0.005407
248 0.005407
249 0.004333
250 0.004963
251 0.004630
252 0.005222
253 0.005407
254 0.004593
255 0.004889
256 0.005111
257 0.004704
258 0.004926
259 0.004556
260 0.004593
261 0.004519
262 0.004741
263 0.004185
264 0.004556
265 0.004481
266 0.004444
267 0.004296
268 0.004556
269 0.004667
270 0.004630
271 0.004000
272 0.004074
273 0.004630
274 0.004519
275 0.004889
276 0.004185
277 0.004481
278 0.004556
279 0.003889
280 0.004407
281 0.004259
282 0.004444
283 0.003926
284 0.004963
285 0.004815
286 0.003704
287 0.004852
288 0.003889
289 0.004222
290 0.003778
291 0.003889
292 0.004037
293 0.004037
294 0.003593
295 0.004148
296 0.003296
297 0.003556
298 0.004444
299 0.003222
300 0.003556
301 0.003741
302 0.003926
303 0.003630
304 0.004037
305 0.002889
306 0.003222
307 0.003333
308 0.003407
309 0.003593
310 0.003852
311 0.003963
312 0.003259
313 0.004000
314 0.003222
315 0.002926
316 0.003259
317 0.003185
318 0.003778
319 0.003000
320 0.003630
321 0.003481
322 0.003593
323 0.003370
324 0.003333
325 0.002741
326 0.003296
327 0.002889
328 0.003333
329 0.003630
330 0.002815
331 0.003259
332 0.003407
333 0.002815
334 0.002889
335 0.003111
336 0.002926
337 0.003037
338 0.002852
339 0.003259
340 0.003296
341 0.003111
342 0.003333
343 0.002333
344 0.003074
345 0.002222
346 0.002778
347 0.003259
348 0.003296
349 0.003000
350 0.002704
351 0.002556
352 0.002778
353 0.002333
354 0.002556
355 0.003444
356 0.002889
357 0.003037
358 0.002630
359 0.003111
360 0.002778
361 0.002593
362 0.002370
363 0.002778
364 0.002407
365 0.002667
366 0.002185
367 0.003037
368 0.002333
369 0.002815
370 0.002370
371 0.002667
372 0.002889
373 0.002889
374 0.002704
375 0.002037
376 0.002852
377 0.002111
378 0.002296
379 0.002185
380 0.002852
381 0.002074
382 0.002481
383 0.002704
384 0.002370
385 0.002370
386 0.002296
387 0.002667
388 0.002074
389 0.002296
390 0.002481
391 0.002519
392 0.002185
393 0.002074
394 0.002815
395 0.002259
396 0.002111
397 0.002407
398 0.002296
399 0.002407
400 0.002444
401 0.002593
402 0.002407
403 0.002407
404 0.002259
405 0.002222
406 0.002519
407 0.002000
408 0.002037
409 0.002296
410 0.002259
411 0.002333
412 0.002185
413 0.002444
414 0.001556
415 0.002741
416 0.002037
417 0.002185
418 0.001815
419 0.001926
420 0.002074
421 0.001704
422 0.001852
423 0.002519
424 0.001815
425 0.002148
426 0.001222
427 0.001963
428 0.001926
429 0.001556
430 0.002222
431 0.001926
432 0.002000
433 0.001963
434 0.002259
435 0.001963
436 0.002296
437 0.002074
438 0.002037
439 0.001704
440 0.002037
441 0.001667
442 0.001852
443 0.002111
444 0.002111
445 0.001852
446 0.001815
447 0.002074
448 0.001481
449 0.001667
450 0.001667
451 0.001852
452 0.001704
453 0.001556
454 0.001741
455 0.001778
456 0.001630
457 0.001556
458 0.001667
459 0.001370
460 0.002111
461 0.002074
462 0.001889
463 0.001963
464 0.001333
465 0.001778
466 0.002037
467 0.002444
468 0.001444
469 0.001556
470 0.001778
471 0.001630
472 0.001815
473 0.001963
474 0.001815
475 0.001593
476 0.001667
477 0.001333
478 0.001556
479 0.001333
480 0.001667
481 0.001778
482 0.001481
483 0.001407
484 0.002037
485 0.001667
486 0.001593
487 0.001704
488 0.001370
489 0.001333
490 0.001704
491 0.001259
492 0.001778
493 0.001222
494 0.001444
495 0.001852
496 0.001481
497 0.001407
498 0.001593
499 0.001370
500 0.001111
501 0.001407
502 0.001111
503 0.001444
504 0.001852
505 0.001222
506 0.001222
507 0.001185
508 0.001963
509 0.001333
510 0.001593
511 0.001519
512 0.001556
513 0.001444
514 0.001407
515 0.001185
516 0.001407
517 0.001630
518 0.001630
519 0.001148
520 0.001481
521 0.001296
522 0.001481
523 0.001333
524 0.001593
525 0.001259
526 0.001333
527 0.001074
528 0.001667
529 0.001481
530 0.001074
531 0.001148
532 0.001519
533 0.001296
534 0.001222
535 0.001630
536 0.001407
537 0.001667
538 0.001481
539 0.001444
540 0.000926
541 0.001074
542 0.001370
543 0.001296
544 0.001741
545 0.001481
546 0.001333
547 0.001556
548 0.001111
549 0.001296
550 0.001037
551 0.001333
552 0.001000
553 0.001556
554 0.001222
555 0.001667
556 0.001481
557 0.001556
558 0.001148
559 0.001593
560 0.001074
561 0.001074
562 0.001444
563 0.001000
564 0.001222
565 0.001185
566 0.001148
567 0.001000
568 0.001074
569 0.001333
570 0.001296
571 0.001000
572 0.001370
573 0.000889
574 0.001222
575 0.001667
576 0.001222
577 0.001222
578 0.001111
579 0.001111
580 0.000815
581 0.001667
582 0.001481
583 0.001111
584 0.001074
585 0.001037
586 0.001111
587 0.001333
588 0.001556
589 0.001333
590 0.000778
591 0.001296
592 0.001259
593 0.001000
594 0.001296
595 0.001111
596 0.000926
597 0.001185
598 0.001333
599 0.000852
600 0.000963
601 0.001222
602 0.000852
603 0.001037
604 0.001481
605 0.000963
606 0.001000
607 0.001407
608 0.000815
609 0.001037
610 0.001222
611 0.001222
612 0.001296
613 0.001000
614 0.000667
615 0.001185
616 0.000778
617 0.001074
618 0.000704
619 0.000889
620 0.001148
621 0.001370
622 0.000815
623 0.001148
624 0.001074
625 0.001111
626 0.000815
627 0.001481
628 0.000815
629 0.000778
630 0.001111
631 0.001259
632 0.001037
633 0.001370
634 0.001037
635 0.001000
636 0.001000
637 0.001074
638 0.001074
639 0.001111
640 0.000741
641 0.001074
642 0.001111
643 0.001333
644 0.000704
645 0.001037
646 0.000815
647 0.001037
648 0.001037
649 0.001074
650 0.001074
651 0.001148
652 0.000889
653 0.001074
654 0.000778
655 0.000889
656 0.000778
657 0.000926
658 0.000815
659 0.000926
660 0.001185
661 0.001000
662 0.001259
663 0.001037
664 0.000741
665 0.001148
666 0.000778
667 0.001074
668 0.000630
669 0.000778
670 0.000963
671 0.000815
672 0.000852
673 0.001111
674 0.000741
675 0.001185
676 0.000704
677 0.000963
678 0.001000
679 0.001037
680 0.000778
681 0.001148
682 0.000889
683 0.000852
684 0.001111
685 0.000963
686 0.000852
687 0.000926
688 0.000926
689 0.000593
690 0.000741
691 0.000852
692 0.001037
693 0.001074
694 0.000926
695 0.000889
696 0.000963
697 0.001037
698 0.001259
699 0.000963
700 0.000963
701 0.000667
702 0.001222
703 0.000481
704 0.000926
705 0.000889
706 0.001111
707 0.001037
708 0.000889
709 0.000889
710 0.000852
711 0.000963
712 0.000852
713 0.000852
714 0.000704
715 0.000889
716 0.000630
717 0.000963
718 0.000815
719 0.001037
720 0.000704
721 0.000889
722 0.001037
723 0.000889
724 0.000778
725 0.001000
726 0.000630
727 0.000889
728 0.000926
729 0.001000
730 0.000963
731 0.000778
732 0.000852
733 0.000852
734 0.000852
735 0.000889
736 0.000741
737 0.000704
738 0.001074
739 0.000667
740 0.000852
741 0.000630
742 0.000778
743 0.000519
744 0.000667
745 0.000593
746 0.001111
747 0.000704
748 0.000593
749 0.000815
750 0.000741
751 0.000778
752 0.000852
753 0.000815
754 0.000556
755 0.001000
756 0.000593
757 0.000556
758 0.001148
759 0.000741
760 0.000630
761 0.000852
762 0.000852
763 0.001296
764 0.000556
765 0.000667
766 0.000815
767 0.000667
768 0.001074
769 0.000667
770 0.000889
771 0.000852
772 0.000778
773 0.000741
774 0.000704
775 0.000778
776 0.000556
777 0.000741
778 0.000926
779 0.000704
780 0.000630
781 0.000741
782 0.000741
783 0.000630
784 0.000741
785 0.000926
786 0.000741
787 0.000815
788 0.000815
789 0.000630
790 0.000778
791 0.000852
792 0.000704
793 0.000815
794 0.000704
795 0.000815
796 0.000667
797 0.000852
798 0.000815
799 0.000593
800 0.000778
801 0.000704
802 0.000667
803 0.000741
804 0.000444
805 0.000481
806 0.000704
807 0.000556
808 0.000778
809 0.000667
810 0.000889
811 0.000630
812 0.000926
813 0.000630
814 0.000630
815 0.000630
816 0.000556
817 0.000963
818 0.000741
819 0.000667
820 0.000741
821 0.000778
822 0.000889
823 0.000963
824 0.000444
825 0.000852
826 0.000593
827 0.000778
828 0.000741
829 0.000778
830 0.000556
831 0.000444
832 0.000593
833 0.000741
834 0.000593
835 0.000815
836 0.000815
837 0.000963
838 0.000852
839 0.000815
840 0.000852
841 0.000667
842 0.000370
843 0.000519
844 0.000667
845 0.000926
846 0.000704
847 0.001000
848 0.000667
849 0.000815
850 0.000556
851 0.000778
852 0.000444
853 0.000556
854 0.000926
855 0.000778
856 0.000444
857 0.000815
858 0.000667
859 0.000481
860 0.000593
861 0.000963
862 0.000667
863 0.000519
864 0.000778
865 0.000444
866 0.000815
867 0.000926
868 0.000704
869 0.000852
870 0.000370
871 0.000704
872 0.000407
873 0.000815
874 0.001222
875 0.000667
876 0.000704
877 0.000667
878 0.000852
879 0.000630
880 0.000741
881 0.000556
882 0.000778
883 0.000667
884 0.000778
885 0.000444
886 0.000741
887 0.000481
888 0.000296
889 0.000556
890 0.000667
891 0.000630
892 0.000630
893 0.000630
894 0.000741
895 0.000556
896 0.000778
897 0.000556
898 0.000778
899 0.000519
900 0.001074
901 0.000741
902 0.000556
903 0.000630
904 0.000630
905 0.000667
906 0.000630
907 0.000667
908 0.000556
909 0.000444
910 0.000556
911 0.000889
912 0.000667
913 0.000704
914 0.000667
915 0.000444
916 0.000481
917 0.000593
918 0.000704
919 0.000889
920 0.000556
921 0.000667
922 0.000852
923 0.000481
924 0.000778
925 0.001037
926 0.000444
927 0.000741
928 0.000444
929 0.000519
930 0.000778
931 0.000778
932 0.000667
933 0.000481
934 0.000519
935 0.000704
936 0.000778
937 0.000667
938 0.000519
939 0.000741
940 0.000593
941 0.000630
942 0.000519
943 0.000630
944 0.000407
945 0.000593
946 0.000630
947 0.000593
948 0.000704
949 0.000630
950 0.000556
951 0.000593
952 0.000519
953 0.000519
954 0.000704
955 0.000519
956 0.000556
957 0.000704
958 0.000481
959 0.000741
960 0.000667
961 0.000519
962 0.000556
963 0.000407
964 0.000556
965 0.000481
966 0.000741
967 0.000519
968 0.000556
969 0.000630
970 0.000444
971 0.000407
972 0.000630
973 0.000778
974 0.000556
975 0.000519
976 0.000630
977 0.000407
978 0.000519
979 0.000556
980 0.000407
981 0.000556
982 0.000333
983 0.000481
984 0.000667
985 0.000444
986 0.000667
987 0.000815
988 0.000741
989 0.000519
990 0.000370
991 0.000444
992 0.000519
993 0.000741
994 0.000519
995 0.000667
996 0.000370
997 0.000815
998 0.000444
999 0.000630
1000 0.000407
1001 0.000704
1002 0.000630
1003 0.000333
1004 0.000667
1005 0.000407
1006 0.000593
1007 0.000741
1008 0.000481
1009 0.000519
1010 0.000481
1011 0.000704
1012 0.000593
1013 0.000333
1014 0.000593
1015 0.000519
1016 0.000556
1017 0.000593
1018 0.000444
1019 0.000519
1020 0.000630
1021 0.000667
1022 0.000667
1023 0.000407
1024 0.000593
1025 0.000741
1026 0.000741
1027 0.000667
1028 0.000667
1029 0.000556
1030 0.000556
1031 0.000704
1032 0.000444
1033 0.000556
1034 0.000519
1035 0.000630
1036 0.000593
1037 0.000630
1038 0.000481
1039 0.000667
1040 0.000815
1041 0.000333
1042 0.000778
1043 0.000481
1044 0.000741
1045 0.000259
1046 0.000963
1047 0.000630
1048 0.000741
1049 0.000741
1050 0.000815
1051 0.000741
1052 0.000630
1053 0.000370
1054 0.000333
1055 0.000370
1056 0.000481
1057 0.000481
1058 0.000444
1059 0.000667
1060 0.000630
1061 0.000704
1062 0.000444
1063 0.000630
1064 0.000519
1065 0.000519
1066 0.000519
1067 0.000444
1068 0.000741
1069 0.000370
1070 0.000296
1071 0.000630
1072 0.000481
1073 0.000333
1074 0.000630
1075 0.000296
1076 0.000704
1077 0.000481
1078 0.000444
1079 0.000593
1080 0.000444
1081 0.000481
1082 0.000407
1083 0.000519
1084 0.000481
1085 0.000593
1086 0.000296
1087 0.000704
1088 0.000593
1089 0.000741
1090 0.000556
1091 0.000333
1092 0.000630
1093 0.000704
1094 0.000370
1095 0.000444
1096 0.000519
1097 0.000667
1098 0.000630
1099 0.000593
1100 0.000519
1101 0.000407
1102 0.000704
1103 0.000630
1104 0.000370
1105 0.000370
1106 0.000259
1107 0.000741
1108 0.000556
1109 0.000444
1110 0.000481
1111 0.000407
1112 0.000519
1113 0.000407
1114 0.000704
1115 0.000481
1116 0.000407
1117 0.000556
1118 0.000630
1119 0.000519
1120 0.000630
1121 0.000704
1122 0.000519
1123 0.000593
1124 0.000481
1125 0.000407
1126 0.000481
1127 0.000519
1128 0.000370
1129 0.000481
1130 0.000630
1131 0.000296
1132 0.000593
1133 0.000259
1134 0.000407
1135 0.000630
1136 0.000556
1137 0.000630
1138 0.000444
1139 0.000704
1140 0.000333
1141 0.000370
1142 0.000481
1143 0.000593
1144 0.000815
1145 0.000519
1146 0.000667
1147 0.000333
1148 0.000296
1149 0.000630
1150 0.000296
1151 0.000630
1152 0.000630
1153 0.000556
1154 0.000519
1155 0.000630
1156 0.000556
1157 0.000704
1158 0.000481
1159 0.000667
1160 0.000593
1161 0.000667
1162 0.000481
1163 0.000407
1164 0.000444
1165 0.000444
1166 0.000185
1167 0.000259
1168 0.000370
1169 0.000370
1170 0.000519
1171 0.000815
1172 0.000222
1173 0.000370
1174 0.000630
1175 0.000296
1176 0.000630
1177 0.000519
1178 0.000556
1179 0.000593
1180 0.000630
1181 0.000222
1182 0.000667
1183 0.000630
1184 0.000370
1185 0.000852
1186 0.000630
1187 0.000630
1188 0.000704
1189 0.000593
1190 0.000481
1191 0.000556
1192 0.000481
1193 0.000444
1194 0.000444
1195 0.000444
1196 0.000704
1197 0.000444
1198 0.000667
1199 0.000741
1200 0.000370
1201 0.000519
1202 0.000667
1203 0.000741
1204 0.000333
1205 0.000519
1206 0.000630
1207 0.000333
1208 0.000519
1209 0.000481
1210 0.000519
1211 0.000444
1212 0.000481
1213 0.000481
1214 0.000741
1215 0.000407
1216 0.000370
1217 0.000519
1218 0.000593
1219 0.000593
1220 0.000630
1221 0.000556
1222 0.000481
1223 0.000333
1224 0.000370
1225 0.000556
1226 0.000630
1227 0.000407
1228 0.000370
1229 0.000519
1230 0.000222
1231 0.000407
1232 0.000481
1233 0.000667
1234 0.000556
1235 0.000519
1236 0.000481
1237 0.000481
1238 0.000370
1239 0.000407
1240 0.000407
1241 0.000519
1242 0.000481
1243 0.000519
1244 0.000519
1245 0.000556
1246 0.000370
1247 0.000296
1248 0.000593
1249 0.000630
1250 0.000556
1251 0.000370
1252 0.000259
1253 0.000741
1254 0.000519
1255 0.000704
1256 0.000333
1257 0.000741
1258 0.000444
1259 0.000407
1260 0.000444
1261 0.000407
1262 0.000593
1263 0.000519
1264 0.000593
1265 0.000370
1266 0.000481
1267 0.000444
1268 0.000630
1269 0.000519
1270 0.000444
1271 0.000296
1272 0.000370
1273 0.000667
1274 0.000481
1275 0.000519
1276 0.000481
1277 0.000370
1278 0.000630
1279 0.000519
1280 0.000519
1281 0.000444
1282 0.000444
1283 0.000370
1284 0.000296
1285 0.000481
1286 0.000519
1287 0.000407
1288 0.000481
1289 0.000407
1290 0.000407
1291 0.000444
1292 0.000481
1293 0.000444
1294 0.000370
1295 0.000593
1296 0.000519
1297 0.000593
1298 0.000296
1299 0.000630
1300 0.000370
1301 0.000407
1302 0.000556
1303 0.000333
1304 0.000593
1305 0.000444
1306 0.000333
1307 0.000333
1308 0.000407
1309 0.000556
1310 0.000556
1311 0.000519
1312 0.000407
1313 0.000778
1314 0.000333
1315 0.000296
1316 0.000519
1317 0.000519
1318 0.000593
1319 0.000481
1320 0.000407
1321 0.000222
1322 0.000370
1323 0.000333
1324 0.000296
1325 0.000444
1326 0.000889
1327 0.000370
1328 0.000444
1329 0.000704
1330 0.000333
1331 0.000370
1332 0.000556
1333 0.000667
1334 0.000333
1335 0.000259
1336 0.000593
1337 0.000444
1338 0.000556
1339 0.000556
1340 0.000370
1341 0.000704
1342 0.000259
1343 0.000519
1344 0.000370
1345 0.000444
1346 0.000407
1347 0.000741
1348 0.000444
1349 0.000481
1350 0.000407
1351 0.000593
1352 0.000667
1353 0.000407
1354 0.000593
1355 0.000556
1356 0.000370
1357 0.000593
1358 0.000556
1359 0.000630
1360 0.000222
1361 0.000296
1362 0.000333
1363 0.000333
1364 0.000370
1365 0.000481
1366 0.000519
1367 0.000296
1368 0.000370
1369 0.000333
1370 0.000370
1371 0.000259
1372 0.000630
1373 0.000444
1374 0.000370
1375 0.000519
1376 0.000519
1377 0.000333
1378 0.000481
1379 0.000444
1380 0.000333
1381 0.000556
1382 0.000593
1383 0.000519
1384 0.000519
1385 0.000407
1386 0.000519
1387 0.000296
1388 0.000407
1389 0.000556
1390 0.000593
1391 0.000481
1392 0.000407
1393 0.000593
1394 0.000556
1395 0.000519
1396 0.000296
1397 0.000444
1398 0.000296
1399 0.000481
1400 0.000519
1401 0.000370
1402 0.000481
1403 0.000407
1404 0.000852
1405 0.000407
1406 0.000630
1407 0.000481
1408 0.000370
1409 0.000481
1410 0.000704
1411 0.000481
1412 0.000815
1413 0.000481
1414 0.000704
1415 0.000481
1416 0.000370
1417 0.000519
1418 0.000444
1419 0.000556
1420 0.000630
1421 0.000333
1422 0.000481
1423 0.000259
1424 0.000407
1425 0.000704
1426 0.000667
1427 0.000444
1428 0.000407
1429 0.000556
1430 0.000333
1431 0.000481
1432 0.000556
1433 0.000370
1434 0.000704
1435 0.000407
1436 0.000370
1437 0.000667
1438 0.000444
1439 0.000370
1440 0.000407
1441 0.000519
1442 0.000370
1443 0.000333
1444 0.000519
1445 0.000593
1446 0.000296
1447 0.000444
1448 0.000556
1449 0.000259
1450 0.000370
1451 0.000185
1452 0.000667
1453 0.000519
1454 0.000593
1455 0.000519
1456 0.000630
1457 0.000630
1458 0.000370
1459 0.000481
1460 0.000630
1461 0.000926
1462 0.000407
1463 0.000296
1464 0.000370
1465 0.000444
1466 0.000593
1467 0.000370
1468 0.000593
1469 0.000333
1470 0.000259
1471 0.000481
1472 0.000370
1473 0.000296
1474 0.000407
1475 0.000593
1476 0.000407
1477 0.000444
1478 0.000370
1479 0.000481
1480 0.000333
1481 0.000296
1482 0.000333
1483 0.000370
1484 0.000185
1485 0.000370
1486 0.000556
1487 0.000444
1488 0.000370
1489 0.000333
1490 0.000815
1491 0.000593
1492 0.000778
1493 0.000519
1494 0.000556
1495 0.000630
1496 0.000407
1497 0.000444
1498 0.000444
1499 0.000630
1500 0.000481
1501 0.000444
1502 0.000444
1503 0.000370
1504 0.000630
1505 0.000407
1506 0.000556
1507 0.000370
1508 0.000370
1509 0.000370
1510 0.000593
1511 0.000481
1512 0.000556
1513 0.000481
1514 0.000852
1515 0.000370
1516 0.000556
1517 0.000481
1518 0.000704
1519 0.000259
1520 0.000556
1521 0.000259
1522 0.000556
1523 0.000556
1524 0.000481
1525 0.000481
1526 0.000370
1527 0.000556
1528 0.000481
1529 0.000296
1530 0.000444
1531 0.000296
1532 0.000444
1533 0.000556
1534 0.000333
1535 0.000259
1536 0.000370
1537 0.000815
1538 0.000593
1539 0.000519
1540 0.000444
1541 0.000481
1542 0.000296
1543 0.000630
1544 0.000481
1545 0.000519
1546 0.000259
1547 0.000630
1548 0.000370
1549 0.000593
1550 0.000259
1551 0.000667
1552 0.000519
1553 0.000519
1554 0.000296
1555 0.000593
1556 0.000444
1557 0.000259
1558 0.000333
1559 0.000407
1560 0.000481
1561 0.000333
1562 0.000556
1563 0.000704
1564 0.000370
1565 0.000481
1566 0.000444
1567 0.000556
1568 0.000519
1569 0.000667
1570 0.000481
1571 0.000370
1572 0.000370
1573 0.000370
1574 0.000481
1575 0.000481
1576 0.000370
1577 0.000630
1578 0.000333
1579 0.000296
1580 0.000370
1581 0.000593
1582 0.000519
1583 0.000704
1584 0.000481
1585 0.000519
1586 0.000593
1587 0.000630
1588 0.000296
1589 0.000556
1590 0.000407
1591 0.000407
1592 0.000407
1593 0.000370
1594 0.000407
1595 0.000333
1596 0.000370
1597 0.000148
1598 0.000556
1599 0.000148
1600 0.000259
1601 0.000556
1602 0.000519
1603 0.000407
1604 0.000481
1605 0.000556
1606 0.000667
1607 0.000481
1608 0.000519
1609 0.000333
1610 0.000444
1611 0.000259
1612 0.000481
1613 0.000296
1614 0.000370
1615 0.000444
1616 0.000741
1617 0.000444
1618 0.000556
1619 0.000407
1620 0.000481
1621 0.000296
1622 0.000259
1623 0.000407
1624 0.000963
1625 0.000444
1626 0.000481
1627 0.000407
1628 0.000444
1629 0.000630
1630 0.000333
1631 0.000333
1632 0.000556
1633 0.000296
1634 0.000481
1635 0.000556
1636 0.000222
1637 0.000148
1638 0.000778
1639 0.000444
1640 0.000556
1641 0.000333
1642 0.000370
1643 0.000259
1644 0.000667
1645 0.000370
1646 0.000481
1647 0.000370
1648 0.000556
1649 0.000259
1650 0.000519
1651 0.000519
1652 0.000296
1653 0.000185
1654 0.000407
1655 0.000259
1656 0.000407
1657 0.000481
1658 0.000444
1659 0.000407
1660 0.000630
1661 0.000444
1662 0.000259
1663 0.000481
1664 0.000407
1665 0.000444
1666 0.000481
1667 0.000704
1668 0.000667
1669 0.000556
1670 0.000333
1671 0.000741
1672 0.000556
1673 0.000630
1674 0.000519
1675 0.000481
1676 0.000481
1677 0.000630
1678 0.000333
1679 0.000370
1680 0.000333
1681 0.000333
1682 0.000593
1683 0.000407
1684 0.000444
1685 0.000259
1686 0.000630
1687 0.000333
1688 0.000370
1689 0.000259
1690 0.000407
1691 0.000407
1692 0.000259
1693 0.000333
1694 0.000444
1695 0.000556
1696 0.000481
1697 0.000519
1698 0.000704
1699 0.000296
1700 0.000407
1701 0.000444
1702 0.000296
1703 0.000481
1704 0.000481
1705 0.000407
1706 0.000519
1707 0.000444
1708 0.000630
1709 0.000370
1710 0.000407
1711 0.000519
1712 0.000556
1713 0.000593
1714 0.000593
1715 0.000444
1716 0.000593
1717 0.000407
1718 0.000370
1719 0.000481
1720 0.000519
1721 0.000519
1722 0.000259
1723 0.000630
1724 0.000407
1725 0.000296
1726 0.000519
1727 0.000704
1728 0.000481
1729 0.000370
1730 0.000481
1731 0.000370
1732 0.000407
1733 0.000370
1734 0.000556
1735 0.000593
1736 0.000704
1737 0.000593
1738 0.000481
1739 0.000556
1740 0.000444
1741 0.000296
1742 0.000407
1743 0.000704
1744 0.000519
1745 0.000519
1746 0.000519
1747 0.000519
1748 0.000370
1749 0.000667
1750 0.000333
1751 0.000333
1752 0.000407
1753 0.000296
1754 0.000370
1755 0.000222
1756 0.000556
1757 0.000519
1758 0.000444
1759 0.000444
1760 0.000296
1761 0.000444
1762 0.000370
1763 0.000630
1764 0.000519
1765 0.000481
1766 0.000667
1767 0.000519
1768 0.000259
1769 0.000259
1770 0.000370
1771 0.000259
1772 0.000444
1773 0.000630
1774 0.000556
1775 0.000667
1776 0.000296
1777 0.000444
1778 0.000444
1779 0.000481
1780 0.000259
1781 0.000296
1782 0.000333
1783 0.000667
1784 0.000704
1785 0.000556
1786 0.000630
1787 0.000333
1788 0.000778
1789 0.000556
1790 0.000444
1791 0.000370
1792 0.000519
1793 0.000407
1794 0.000519
1795 0.000593
1796 0.000370
1797 0.000704
1798 0.000407
1799 0.000185
1800 0.000407
1801 0.000593
1802 0.000185
1803 0.000481
1804 0.000444
1805 0.000259
1806 0.000556
1807 0.000333
1808 0.000444
1809 0.000630
1810 0.000444
1811 0.000593
1812 0.000222
1813 0.000444
1814 0.000333
1815 0.000407
1816 0.000667
1817 0.000556
1818 0.000519
1819 0.000407
1820 0.000259
1821 0.000481
1822 0.000259
1823 0.000259
1824 0.000481
1825 0.000407
1826 0.000556
1827 0.000407
1828 0.000259
1829 0.000593
1830 0.000667
1831 0.000370
1832 0.000407
1833 0.000407
1834 0.000630
1835 0.000481
1836 0.000407
1837 0.000407
1838 0.000370
1839 0.000556
1840 0.000407
1841 0.000481
1842 0.000481
1843 0.000481
1844 0.000444
1845 0.000444
1846 0.000296
1847 0.000370
1848 0.000333
1849 0.000444
1850 0.000296
1851 0.000296
1852 0.000148
1853 0.000481
1854 0.000296
1855 0.000519
1856 0.000741
1857 0.000519
1858 0.000593
1859 0.000741
1860 0.000333
1861 0.000444
1862 0.000333
1863 0.000444
1864 0.000630
1865 0.000556
1866 0.000296
1867 0.000222
1868 0.000185
1869 0.000556
1870 0.000444
1871 0.000333
1872 0.000556
1873 0.000444
1874 0.000370
1875 0.000481
1876 0.000556
1877 0.000407
1878 0.000519
1879 0.000370
1880 0.000481
1881 0.000444
1882 0.000481
1883 0.000444
1884 0.000519
1885 0.000259
1886 0.000333
1887 0.000185
1888 0.000333
1889 0.000556
1890 0.000333
1891 0.000185
1892 0.000593
1893 0.000407
1894 0.000333
1895 0.000296
1896 0.000593
1897 0.000222
1898 0.000407
1899 0.000370
1900 0.000296
1901 0.000444
1902 0.000296
1903 0.000481
1904 0.000519
1905 0.000444
1906 0.000259
1907 0.000296
1908 0.000481
1909 0.000556
1910 0.000704
1911 0.000333
1912 0.000148
1913 0.000296
1914 0.000593
1915 0.000370
1916 0.000333
1917 0.000444
1918 0.000556
1919 0.000185
1920 0.000444
1921 0.000407
1922 0.000333
1923 0.000407
1924 0.000333
1925 0.000370
1926 0.000333
1927 0.000333
1928 0.000296
1929 0.000481
1930 0.000444
1931 0.000296
1932 0.000370
1933 0.000519
1934 0.000333
1935 0.000370
1936 0.000556
1937 0.000444
1938 0.000556
1939 0.000630
1940 0.000444
1941 0.000481
1942 0.000407
1943 0.000481
1944 0.000259
1945 0.000333
1946 0.000519
1947 0.000481
1948 0.000519
1949 0.000407
1950 0.000185
1951 0.000370
1952 0.000333
1953 0.000556
1954 0.000481
1955 0.000481
1956 0.000444
1957 0.000481
1958 0.000407
1959 0.000407
1960 0.000593
1961 0.000259
1962 0.000259
1963 0.000481
1964 0.000222
1965 0.000333
1966 0.000481
1967 0.000444
1968 0.000296
1969 0.000333
1970 0.000370
1971 0.000630
1972 0.000333
1973 0.000556
1974 0.000593
1975 0.000519
1976 0.000333
1977 0.000333
1978 0.000370
1979 0.000259
1980 0.000444
1981 0.000593
1982 0.000481
1983 0.000519
1984 0.000407
1985 0.000444
1986 0.000259
1987 0.000370
1988 0.000556
1989 0.000370
1990 0.000407
1991 0.000259
1992 0.000370
1993 0.000222
1994 0.000407
1995 0.000481
1996 0.000519
1997 0.000370
1998 0.000556
1999 0.000259
2000 0.000148
2001 0.000185
2002 0.000222
2003 0.000333
2004 0.000444
2005 0.000259
2006 0.000481
2007 0.000407
2008 0.000259
2009 0.000444
2010 0.000333
2011 0.000444
2012 0.000370
2013 0.000407
2014 0.000370
2015 0.000333
2016 0.000407
2017 0.000444
2018 0.000333
2019 0.000481
2020 0.000259
2021 0.000148
2022 0.000370
2023 0.000444
2024 0.000296
2025 0.000222
2026 0.000259
2027 0.000519
2028 0.000444
2029 0.000444
2030 0.000259
2031 0.000370
2032 0.000333
2033 0.000444
2034 0.000222
2035 0.000333
2036 0.000481
2037 0.000296
2038 0.000444
2039 0.000370
2040 0.000370
2041 0.000259
2042 0.000259
2043 0.000259
2044 0.000333
2045 0.000222
2046 0.000222
2047 0.000296
2048 0.000481
2049 0.000370
2050 0.000481
2051 0.000185
2052 0.000407
2053 0.000333
2054 0.000481
2055 0.000519
2056 0.000481
2057 0.000222
2058 0.000185
2059 0.000333
2060 0.000370
2061 0.000333
2062 0.000370
2063 0.000407
2064 0.000296
2065 0.000296
2066 0.000481
2067 0.000296
2068 0.000370
2069 0.000185
2070 0.000222
2071 0.000333
2072 0.000296
2073 0.000407
2074 0.000148
2075 0.000333
2076 0.000222
2077 0.000333
2078 0.000481
2079 0.000630
2080 0.000370
2081 0.000333
2082 0.000593
2083 0.000222
2084 0.000185
2085 0.000296
2086 0.000148
2087 0.000370
2088 0.000185
2089 0.000370
2090 0.000148
2091 0.000407
2092 0.000519
2093 0.000407
2094 0.000370
2095 0.000185
2096 0.000296
2097 0.000111
2098 0.000222
2099 0.000222
2100 0.000407
2101 0.000407
2102 0.000185
2103 0.000519
2104 0.000333
2105 0.000296
2106 0.000259
2107 0.000333
2108 0.000333
2109 0.000444
2110 0.000222
2111 0.000519
2112 0.000407
2113 0.000407
2114 0.000259
2115 0.000370
2116 0.000185
2117 0.000444
2118 0.000407
2119 0.000222
2120 0.000333
2121 0.000333
2122 0.000519
2123 0.000296
2124 0.000444
2125 0.000296
2126 0.000444
2127 0.000259
2128 0.000481
2129 0.000259
2130 0.000222
2131 0.000296
2132 0.000259
2133 0.000296
2134 0.000444
2135 0.000407
2136 0.000444
2137 0.000333
2138 0.000296
2139 0.000556
2140 0.000296
2141 0.000222
2142 0.000222
2143 0.000148
2144 0.000333
2145 0.000556
2146 0.000222
2147 0.000222
2148 0.000333
2149 0.000185
2150 0.000111
2151 0.000407
2152 0.000259
2153 0.000222
2154 0.000222
2155 0.000556
2156 0.000259
2157 0.000444
2158 0.000444
2159 0.000296
2160 0.000296
2161 0.000519
2162 0.000148
2163 0.000259
2164 0.000296
2165 0.000074
2166 0.000630
2167 0.000370
2168 0.000222
2169 0.000370
2170 0.000370
2171 0.000519
2172 0.000222
2173 0.000296
2174 0.000074
2175 0.000296
2176 0.000259
2177 0.000222
2178 0.000148
2179 0.000370
2180 0.000370
2181 0.000222
2182 0.000185
2183 0.000407
2184 0.000370
2185 0.000259
2186 0.000481
2187 0.000370
2188 0.000333
2189 0.000222
2190 0.000148
2191 0.000333
2192 0.000259
2193 0.000222
2194 0.000481
2195 0.000407
2196 0.000333
2197 0.000259
2198 0.000111
2199 0.000333
2200 0.000296
2201 0.000148
2202 0.000111
2203 0.000185
2204 0.000074
2205 0.000333
2206 0.000148
2207 0.000296
2208 0.000333
2209 0.000370
2210 0.000296
2211 0.000370
2212 0.000111
2213 0.000074
2214 0.000333
2215 0.000222
2216 0.000222
2217 0.000259
2218 0.000148
2219 0.000185
2220 0.000185
2221 0.000259
2222 0.000259
2223 0.000370
2224 0.000370
2225 0.000407
2226 0.000148
2227 0.000259
2228 0.000185
2229 0.000370
2230 0.000185
2231 0.000333
2232 0.000222
2233 0.000259
2234 0.000148
2235 0.000074
2236 0.000222
2237 0.000333
2238 0.000185
2239 0.000148
2240 0.000185
2241 0.000370
2242 0.000148
2243 0.000370
2244 0.000481
2245 0.000296
2246 0.000370
2247 0.000296
2248 0.000296
2249 0.000111
2250 0.000074
2251 0.000333
2252 0.000074
2253 0.000222
2254 0.000185
2255 0.000222
2256 0.000074
2257 0.000111
2258 0.000185
2259 0.000148
2260 0.000074
2261 0.000148
2262 0.000407
2263 0.000222
2264 0.000333
2265 0.000185
2266 0.000148
2267 0.000333
2268 0.000185
2269 0.000222
2270 0.000111
2271 0.000259
2272 0.000259
2273 0.000185
2274 0.000185
2275 0.000296
2276 0.000222
2277 0.000259
2278 0.000148
2279 0.000222
2280 0.000222
2281 0.000148
2282 0.000185
2283 0.000074
2284 0.000296
2285 0.000148
2286 0.000148
2287 0.000185
2288 0.000148
2289 0.000370
2290 0.000222
2291 0.000222
2292 0.000111
2293 0.000148
2294 0.000222
2295 0.000296
2296 0.000148
2297 0.000074
2298 0.000185
2299 0.000259
2300 0.000185
2301 0.000148
2302 0.000185
2303 0.000185
2304 0.000185
2305 0.000037
2306 0.000074
2307 0.000148
2308 0.000111
2309 0.000185
2310 0.000037
2311 0.000185
2312 0.000074
2313 0.000111
2314 0.000148
2315 0.000185
2316 0.000259
2317 0.000259
2318 0.000148
2319 0.000111
2320 0.000296
2321 0.000148
2322 0.000111
2323 0.000296
2324 0.000148
2325 0.000185
2326 0.000185
2327 0.000222
2328 0.000296
2329 0.000111
2330 0.000074
2331 0.000037
2332 0.000222
2333 0.000222
2334 0.000222
2335 0.000037
2336 0.000148
2337 0.000148
2338 0.000111
2339 0.000037
2340 0.000148
2341 0.000185
2342 0.000037
2343 0.000111
2344 0.000185
2345 0.000074
2346 0.000148
2347 0.000111
2348 0.000037
2349 0.000074
2350 0.000148
2351 0.000037
2352 0.000074
2353 0.000111
2354 0.000074
2355 0.000074
2356 0.000148
2357 0.000111
2358 0.000111
2359 0.000111
2360 0.000111
2361 0.000074
2362 0.000037
2363 0.000111
2364 0.000148
2365 0.000000
2366 0.000074
2367 0.000222
2368 0.000222
2369 0.000259
2370 0.000000
2371 0.000111
2372 0.000148
2373 0.000000
2374 0.000148
2375 0.000074
2376 0.000074
2377 0.000148
2378 0.000111
2379 0.000074
2380 0.000111
2381 0.000222
2382 0.000148
2383 0.000222
2384 0.000111
2385 0.000148
2386 0.000185
2387 0.000148
2388 0.000037
2389 0.000000
2390 0.000222
2391 0.000111
2392 0.000111
2393 0.000111
2394 0.000148
2395 0.000185
2396 0.000037
2397 0.000074
2398 0.000111
2399 0.000037
2400 0.000037
2401 0.000111
2402 0.000148
2403 0.000111
2404 0.000148
2405 0.000000
2406 0.000111
2407 0.000111
2408 0.000037
2409 0.000037
2410 0.000074
2411 0.000037
2412 0.000037
2413 0.000000
2414 0.000074
2415 0.000074
2416 0.000037
2417 0.000000
2418 0.000074
2419 0.000111
2420 0.000111
2421 0.000074
2422 0.000037
2423 0.000111
2424 0.000037
2425 0.000037
2426 0.000000
2427 0.000185
2428 0.000111
2429 0.000037
2430 0.000000
2431 0.000111
2432 0.000111
2433 0.000111
2434 0.000074
2435 0.000037
2436 0.000037
2437 0.000000
2438 0.000111
2439 0.000037
2440 0.000185
2441 0.000074
2442 0.000000
2443 0.000111
2444 0.000000
2445 0.000037
2446 0.000222
2447 0.000111
2448 0.000000
2449 0.000000
2450 0.000074
2451 0.000074
2452 0.000074
2453 0.000037
2454 0.000037
2455 0.000000
2456 0.000037
2457 0.000074
2458 0.000111
2459 0.000000
2460 0.000074
2461 0.000037
2462 0.000037
2463 0.000037
2464 0.000000
2465 0.000037
2466 0.000074
2467 0.000000
2468 0.000037
2469 0.000037
2470 0.000037
2471 0.000000
2472 0.000000
2473 0.000000
2474 0.000037
2475 0.000074
2476 0.000000
2477 0.000000
2478 0.000037
2479 0.000111
2480 0.000000
2481 0.000000
2482 0.000037
2483 0.000000
2484 0.000000
2485 0.000037
2486 0.000074
2487 0.000000
2488 0.000037
2489 0.000000
2490 0.000000
2491 0.000000
2492 0.000037
2493 0.000037
2494 0.000000
2495 0.000037
2496 0.000037
2497 0.000000
2498 0.000074
2499 0.000000
2500 0.000148
2501 0.000037
2502 0.000000
2503 0.000000
2504 0.000000
2505 0.000000
2506 0.000000
2507 0.000000
2508 0.000000
2509 0.000000
2510 0.000000
2511 0.000000
2512 0.000000
2513 0.000000
2514 0.000111
2515 0.000037
2516 0.000000
2517 0.000037
2518 0.000037
2519 0.000000
2520 0.000074
2521 0.000074
2522 0.000000
2523 0.000037
2524 0.000037
2525 0.000000
2526 0.000037
2527 0.000000
2528 0.000000
2529 0.000000
2530 0.000000
2531 0.000000
2532 0.000037
2533 0.000000
2534 0.000000
2535 0.000000
2536 0.000000
2537 0.000000
2538 0.000000
2539 0.000000
2540 0.000037
2541 0.000037
2542 0.000074
2543 0.000000
2544 0.000000
2545 0.000000
2546 0.000000
2547 0.000000
2548 0.000037
2549 0.000000
2550 0.000000
2551 0.000000
2552 0.000000
2553 0.000000
2554 0.000000
2555 0.000000
2556 0.000037
2557 0.000000
2558 0.000000
2559 0.000000
2560 0.000000
2561 0.000037
2562 0.000000
2563 0.000000
2564 0.000000
2565 0.000000
2566 0.000000
2567 0.000000
2568 0.000000
2569 0.000000
2570 0.000000
2571 0.000000
2572 0.000037
2573 0.000000
2574 0.000000
2575 0.000000
2576 0.000000
2577 0.000000
2578 0.000000
2579 0.000000
2580 0.000000
2581 0.000000
2582 0.000000
2583 0.000037
2584 0.000000
2585 0.000000
2586 0.000000
2587 0.000000
2588 0.000037
2589 0.000037
2590 0.000000
2591 0.000000
2592 0.000037
2593 0.000000
2594 0.000037
2595 0.000000
2596 0.000000
2597 0.000000
2598 0.000037
2599 0.000037
2600 0.000000
2601 0.000000
2602 0.000000
2603 0.000000
2604 0.000000
2605 0.000000
2606 0.000000
2607 0.000000
2608 0.000000
2609 0.000000
2610 0.000000
2611 0.000000
2612 0.000000
2613 0.000000
2614 0.000000
2615 0.000000
2616 0.000000
2617 0.000000
2618 0.000000
2619 0.000000
2620 0.000000
2621 0.000000
2622 0.000000
2623 0.000000
2624 0.000000
2625 0.000000
2626 0.000000
2627 0.000000
2628 0.000000
2629 0.000000
2630 0.000000
2631 0.000000
2632 0.000000
2633 0.000000
2634 0.000000
2635 0.000000
2636 0.000000
2637 0.000000
2638 0.000000
2639 0.000000
2640 0.000000
2641 0.000000
2642 0.000000
2643 0.000000
2644 0.000000
2645 0.000000
2646 0.000000
2647 0.000000
2648 0.000000
2649 0.000000
2650 0.000000
2651 0.000000
2652 0.000000
2653 0.000000
2654 0.000000
2655 0.000000
2656 0.000000
2657 0.000000
2658 0.000000
2659 0.000000
2660 0.000000
2661 0.000000
2662 0.000000
2663 0.000000
2664 0.000000
2665 0.000000
2666 0.000000
2667 0.000000
2668 0.000000
2669 0.000000
2670 0.000000
2671 0.000000
2672 0.000000
2673 0.000000
2674 0.000000
2675 0.000000
2676 0.000000
2677 0.000000
2678 0.000000
2679 0.000000
2680 0.000000
2681 0.000000
2682 0.000000
2683 0.000000
2684 0.000000
2685 0.000000
2686 0.000000
2687 0.000000
2688 0.000000
2689 0.000000
2690 0.000000
2691 0.000000
2692 0.000000
2693 0.000000
2694 0.000000
2695 0.000000
2696 0.000000
2697 0.000000
2698 0.000000
2699 0.000000
2700 0.000000
2701 0.000000
2702 0.000000
2703 0.000000
2704 0.000000
2705 0.000000
2706 0.000000
2707 0.000000
2708 0.000000
2709 0.000000
2710 0.000000
2711 0.000000
2712 0.000000
2713 0.000000
2714 0.000000
2715 0.000000
2716 0.000000
2717 0.000000
2718 0.000000
2719 0.000000
2720 0.000000
2721 0.000000
2722 0.000000
2723 0.000000
2724 0.000000
2725 0.000000
2726 0.000000
2727 0.000000
2728 0.000000
2729 0.000000
2730 0.000000
2731 0.000000
2732 0.000000
2733 0.000000
2734 0.000000
2735 0.000000
2736 0.000037
2737 0.000000
2738 0.000000
2739 0.000000
2740 0.000000
2741 0.000000
2742 0.000000
2743 0.000000
2744 0.000000
2745 0.000000
2746 0.000000
2747 0.000000
2748 0.000000
2749 0.000000
2750 0.000000
2751 0.000000
2752 0.000000
2753 0.000000
2754 0.000000
2755 0.000000
2756 0.000000
2757 0.000000
2758 0.000000
2759 0.000000
2760 0.000000
2761 0.000000
2762 0.000000
2763 0.000000
2764 0.000000
2765 0.000000
2766 0.000000
2767 0.000000
2768 0.000000
2769 0.000000
2770 0.000000
2771 0.000000
2772 0.000000
2773 0.000000
2774 0.000000
2775 0.000000
2776 0.000000
2777 0.000000
2778 0.000000
2779 0.000000
2780 0.000000
2781 0.000000
2782 0.000000
2783 0.000000
2784 0.000000
2785 0.000000
2786 0.000000
2787 0.000000
2788 0.000000
2789 0.000000
2790 0.000000
2791 0.000000
2792 0.000000
2793 0.000000
2794 0.000000
2795 0.000000
2796 0.000000
2797 0.000000
2798 0.000000
2799 0.000000
2800 0.000000
2801 0.000000
2802 0.000000
2803 0.000000
2804 0.000000
2805 0.000000
2806 0.000000
2807 0.000000
2808 0.000000
2809 0.000000
2810 0.000000
2811 0.000000
2812 0.000000
2813 0.000000
2814 0.000000
2815 0.000000
2816 0.000000
2817 0.000000
2818 0.000000
2819 0.000000
2820 0.000000
2821 0.000000
2822 0.000000
2823 0.000000
2824 0.000000
2825 0.000000
2826 0.000000
2827 0.000000
2828 0.000000
2829 0.000000
2830 0.000000
2831 0.000000
2832 0.000000
2833 0.000000
2834 0.000000
2835 0.000000
2836 0.000000
2837 0.000000
2838 0.000000
2839 0.000000
2840 0.000000
2841 0.000000
2842 0.000000
2843 0.000000
2844 0.000000
2845 0.000000
2846 0.000000
2847 0.000000
2848 0.000000
2849 0.000000
2850 0.000000
2851 0.000000
2852 0.000000
2853 0.000000
2854 0.000000
2855 0.000000
2856 0.000000
2857 0.000000
2858 0.000000
2859 0.000000
2860 0.000000
2861 0.000000
2862 0.000000
2863 0.000000
2864 0.000000
2865 0.000000
2866 0.000000
2867 0.000000
2868 0.000000
2869 0.000000
2870 0.000000
2871 0.000000
2872 0.000000
2873 0.000000
2874 0.000000
2875 0.000000
2876 0.000000
2877 0.000000
2878 0.000000
2879 0.000000
2880 0.000000
2881 0.000000
2882 0.000000
2883 0.000000
2884 0.000000
2885 0.000000
2886 0.000000
2887 0.000000
2888 0.000000
2889 0.000000
2890 0.000000
2891 0.000000
2892 0.000000
2893 0.000000
2894 0.000000
2895 0.000000
2896 0.000000
2897 0.000000
2898 0.000000
2899 0.000000
2900 0.000000
2901 0.000000
2902 0.000000
2903 0.000000
2904 0.000000
2905 0.000000
2906 0.000000
2907 0.000000
2908 0.000000
2909 0.000000
2910 0.000000
2911 0.000000
2912 0.000000
2913 0.000000
2914 0.000000
2915 0.000000
2916 0.000000
2917 0.000000
2918 0.000000
2919 0.000000
2920 0.000000
2921 0.000000
2922 0.000000
2923 0.000000
2924 0.000000
2925 0.000000
2926 0.000000
2927 0.000000
2928 0.000000
2929 0.000000
2930 0.000000
2931 0.000000
2932 0.000000
2933 0.000000
2934 0.000000
2935 0.000000
2936 0.000000
2937 0.000000
2938 0.000000
2939 0.000000
2940 0.000000
2941 0.000000
2942 0.000000
2943 0.000000
2944 0.000000
2945 0.000000
2946 0.000000
2947 0.000000
2948 0.000000
2949 0.000000
2950 0.000000
2951 0.000000
2952 0.000000
2953 0.000000
2954 0.000000
2955 0.000000
2956 0.000000
2957 0.000000
2958 0.000000
2959 0.000000
2960 0.000000
2961 0.000000
2962 0.000000
2963 0.000000
2964 0.000000
2965 0.000000
2966 0.000000
2967 0.000000
2968 0.000000
2969 0.000000
2970 0.000000
2971 0.000000
2972 0.000000
2973 0.000000
2974 0.000000
2975 0.000000
2976 0.000000
2977 0.000000
2978 0.000000
2979 0.000000
2980 0.000000
2981 0.000000
2982 0.000000
2983 0.000000
2984 0.000000
2985 0.000000
2986 0.000000
2987 0.000000
2988 0.000000
2989 0.000000
2990 0.000000
2991 0.000000
2992 0.000000
2993 0.000000
2994 0.000000
2995 0.000000
2996 0.000000
2997 0.000000
2998 0.000000
2999 0.000000
3000 0.000000
3001 0.000000
3002 0.000000
3003 0.000000
3004 0.000000
3005 0.000000
3006 0.000000
3007 0.000000
3008 0.000000
3009 0.000000
3010 0.000000
3011 0.000000
3012 0.000000
3013 0.000000
3014 0.000000
3015 0.000000
3016 0.000000
3017 0.000000
3018 0.000000
3019 0.000000
3020 0.000000
3021 0.000000
3022 0.000000
3023 0.000000
3024 0.000000
3025 0.000000
3026 0.000000
3027 0.000000
3028 0.000000
3029 0.000000
3030 0.000000
3031 0.000000
3032 0.000000
3033 0.000000
3034 0.000000
3035 0.000000
3036 0.000000
3037 0.000000
3038 0.000000
3039 0.000000
3040 0.000000
3041 0.000000
3042 0.000000
3043 0.000000
3044 0.000000
3045 0.000000
3046 0.000000
3047 0.000000
3048 0.000000
3049 0.000000
3050 0.000000
3051 0.000000
3052 0.000000
3053 0.000000
3054 0.000000
3055 0.000000
3056 0.000000
3057 0.000000
3058 0.000000
3059 0.000000
3060 0.000000
3061 0.000000
3062 0.000000
3063 0.000000
3064 0.000000
3065 0.000000
3066 0.000000
3067 0.000000
3068 0.000000
3069 0.000000
3070 0.000000
3071 0.000000
3072 0.000000
3073 0.000000
3074 0.000000
3075 0.000000
3076 0.000000
3077 0.000000
3078 0.000000
3079 0.000000
3080 0.000000
3081 0.000000
3082 0.000000
3083 0.000000
3084 0.000000
3085 0.000000
3086 0.000000
3087 0.000000
3088 0.000000
3089 0.000000
3090 0.000000
3091 0.000000
3092 0.000000
3093 0.000000
3094 0.000000
3095 0.000000
3096 0.000000
3097 0.000000
3098 0.000000
3099 0.000000
3100 0.000000
3101 0.000000
3102 0.000000
3103 0.000000
3104 0.000000
3105 0.000000
3106 0.000000
3107 0.000000
3108 0.000000
3109 0.000000
3110 0.000000
3111 0.000000
3112 0.000000
3113 0.000000
3114 0.000000
3115 0.000000
3116 0.000000
3117 0.000000
3118 0.000000
3119 0.000000
3120 0.000000
3121 0.000000
3122 0.000000
3123 0.000000
3124 0.000000
3125 0.000000
3126 0.000000
3127 0.000000
3128 0.000000
3129 0.000000
3130 0.000000
3131 0.000000
3132 0.000000
3133 0.000000
3134 0.000000
3135 0.000000
3136 0.000000
3137 0.000000
3138 0.000000
3139 0.000000
3140 0.000000
3141 0.000000
3142 0.000000
3143 0.000000
3144 0.000000
3145 0.000000
3146 0.000000
3147 0.000000
3148 0.000000
3149 0.000000
3150 0.000000
3151 0.000000
3152 0.000000
3153 0.000000
3154 0.000000
3155 0.000000
3156 0.000000
3157 0.000000
3158 0.000000
3159 0.000000
3160 0.000000
3161 0.000000
3162 0.000000
3163 0.000000
3164 0.000000
3165 0.000000
3166 0.000000
3167 0.000000
3168 0.000000
3169 0.000000
3170 0.000000
3171 0.000000
3172 0.000000
3173 0.000000
3174 0.000000
3175 0.000000
3176 0.000000
3177 0.000000
3178 0.000000
3179 0.000000
3180 0.000000
3181 0.000000
3182 0.000000
3183 0.000000
3184 0.000000
3185 0.000000
3186 0.000000
3187 0.000000
3188 0.000000
3189 0.000000
3190 0.000000
3191 0.000000
3192 0.000000
3193 0.000000
3194 0.000000
3195 0.000000
3196 0.000000
3197 0.000000
3198 0.000000
3199 0.000000
3200 0.000000
3201 0.000000
3202 0.000000
3203 0.000000
3204 0.000000
3205 0.000000
3206 0.000000
3207 0.000000
3208 0.000000
3209 0.000000
3210 0.000000
3211 0.000000
3212 0.000000
3213 0.000000
3214 0.000000
3215 0.000000
3216 0.000000
3217 0.000000
3218 0.000000
3219 0.000000
3220 0.000000
3221 0.000000
3222 0.000000
3223 0.000000
3224 0.000000
3225 0.000000
3226 0.000000
3227 0.000000
3228 0.000000
3229 0.000000
3230 0.000000
3231 0.000000
3232 0.000000
3233 0.000000
3234 0.000000
3235 0.000000
3236 0.000000
3237 0.000000
3238 0.000000
3239 0.000000
3240 0.000000
3241 0.000000
3242 0.000000
3243 0.000000
3244 0.000000
3245 0.000000
3246 0.000000
3247 0.000000
3248 0.000000
3249 0.000000
3250 0.000000
3251 0.000000
3252 0.000000
3253 0.000000
3254 0.000000
3255 0.000000
3256 0.000000
3257 0.000000
3258 0.000000
3259 0.000000
3260 0.000000
3261 0.000000
3262 0.000000
3263 0.000000
3264 0.000000
3265 0.000000
3266 0.000000
3267 0.000000
3268 0.000000
3269 0.000000
3270 0.000000
3271 0.000000
3272 0.000000
3273 0.000000
3274 0.000000
3275 0.000000
3276 0.000000
3277 0.000000
3278 0.000000
3279 0.000000
3280 0.000000
3281 0.000000
3282 0.000000
3283 0.000000
3284 0.000000
3285 0.000000
3286 0.000000
3287 0.000000
3288 0.000000
3289 0.000000
3290 0.000000
3291 0.000000
3292 0.000000
3293 0.000000
3294 0.000000
3295 0.000000
3296 0.000000
3297 0.000000
3298 0.000000
3299 0.000000
3300 0.000000
3301 0.000000
3302 0.000000
3303 0.000000
3304 0.000000
3305 0.000000
3306 0.000000
3307 0.000000
3308 0.000000
3309 0.000000
3310 0.000000
3311 0.000000
3312 0.000000
3313 0.000000
3314 0.000000
3315 0.000000
3316 0.000000
3317 0.000000
3318 0.000000
3319 0.000000
3320 0.000000
3321 0.000000
3322 0.000000
3323 0.000000
3324 0.000000
3325 0.000000
3326 0.000000
3327 0.000000
3328 0.000000
3329 0.000000
3330 0.000000
3331 0.000000
3332 0.000000
3333 0.000000
3334 0.000000
3335 0.000000
3336 0.000000
3337 0.000000
3338 0.000000
3339 0.000000
3340 0.000000
3341 0.000000
3342 0.000000
3343 0.000000
3344 0.000000
3345 0.000000
3346 0.000000
3347 0.000000
3348 0.000000
3349 0.000000
3350 0.000000
3351 0.000000
3352 0.000000
3353 0.000000
3354 0.000000
3355 0.000000
3356 0.000000
3357 0.000000
3358 0.000000
3359 0.000000
3360 0.000000
3361 0.000000
3362 0.000000
3363 0.000000
3364 0.000000
3365 0.000000
3366 0.000000
3367 0.000000
3368 0.000000
3369 0.000000
3370 0.000000
3371 0.000000
3372 0.000000
3373 0.000000
3374 0.000000
3375 0.000000
3376 0.000000
3377 0.000000
3378 0.000000
3379 0.000000
3380 0.000000
3381 0.000000
3382 0.000000
3383 0.000000
3384 0.000000
3385 0.000000
3386 0.000000
3387 0.000000
3388 0.000000
3389 0.000000
3390 0.000000
3391 0.000000
3392 0.000000
3393 0.000000
3394 0.000000
3395 0.000000
3396 0.000000
3397 0.000000
3398 0.000000
3399 0.000000
3400 0.000000
3401 0.000000
3402 0.000000
3403 0.000000
3404 0.000000
3405 0.000000
3406 0.000000
3407 0.000000
3408 0.000000
3409 0.000000
3410 0.000000
3411 0.000000
3412 0.000000
3413 0.000000
3414 0.000000
3415 0.000000
3416 0.000000
3417 0.000000
3418 0.000000
3419 0.000000
3420 0.000000
3421 0.000000
3422 0.000000
3423 0.000000
3424 0.000000
3425 0.000000
3426 0.000000
3427 0.000000
3428 0.000000
3429 0.000000
3430 0.000000
3431 0.000000
3432 0.000000
3433 0.000000
3434 0.000000
3435 0.000000
3436 0.000000
3437 0.000000
3438 0.000000
3439 0.000000
3440 0.000000
3441 0.000000
3442 0.000000
3443 0.000000
3444 0.000000
3445 0.000000
3446 0.000000
3447 0.000000
3448 0.000000
3449 0.000000
3450 0.000000
3451 0.000000
3452 0.000000
3453 0.000000
3454 0.000000
3455 0.000000
3456 0.000000
3457 0.000000
3458 0.000000
3459 0.000000
3460 0.000000
3461 0.000000
3462 0.000000
3463 0.000000
3464 0.000000
3465 0.000000
3466 0.000000
3467 0.000000
3468 0.000000
3469 0.000000
3470 0.000000
3471 0.000000
3472 0.000000
3473 0.000000
3474 0.000000
3475 0.000000
3476 0.000000
3477 0.000000
3478 0.000000
3479 0.000000
3480 0.000000
3481 0.000000
3482 0.000000
3483 0.000000
3484 0.000000
3485 0.000000
3486 0.000000
3487 0.000000
3488 0.000000
3489 0.000000
3490 0.000000
3491 0.000000
3492 0.000000
3493 0.000000
3494 0.000000
3495 0.000000
3496 0.000000
3497 0.000000
3498 0.000000
3499 0.000000
3500 0.000000
3501 0.000000
3502 0.000000
3503 0.000000
3504 0.000000
3505 0.000000
3506 0.000000
3507 0.000000
3508 0.000000
3509 0.000000
3510 0.000000
3511 0.000000
3512 0.000000
3513 0.000000
3514 0.000000
3515 0.000000
3516 0.000000
3517 0.000000
3518 0.000000
3519 0.000000
3520 0.000000
3521 0.000000
3522 0.000000
3523 0.000000
3524 0.000000
3525 0.000000
3526 0.000000
3527 0.000000
3528 0.000000
3529 0.000000
3530 0.000000
3531 0.000000
3532 0.000000
3533 0.000000
3534 0.000000
3535 0.000000
3536 0.000000
3537 0.000000
3538 0.000000
3539 0.000000
3540 0.000000
3541 0.000000
3542 0.000000
3543 0.000000
3544 0.000000
3545 0.000000
3546 0.000000
3547 0.000000
3548 0.000000
3549 0.000000
3550 0.000000
3551 0.000000
3552 0.000000
3553 0.000000
3554 0.000000
3555 0.000000
3556 0.000000
3557 0.000000
3558 0.000000
3559 0.000000
3560 0.000000
3561 0.000000
3562 0.000000
3563 0.000000
3564 0.000000
3565 0.000000
3566 0.000000
3567 0.000000
3568 0.000000
3569 0.000000
3570 0.000000
3571 0.000000
3572 0.000000
3573 0.000000
3574 0.000000
3575 0.000000
3576 0.000000
3577 0.000000
3578 0.000000
3579 0.000000
3580 0.000000
3581 0.000000
3582 0.000000
3583 0.000000
3584 0.000000
3585 0.000000
3586 0.000000
3587 0.000000
3588 0.000000
3589 0.000000
3590 0.000000
3591 0.000000
3592 0.000000
3593 0.000000
3594 0.000000
3595 0.000000
3596 0.000000
3597 0.000000
3598 0.000000
3599 0.000000
3600 0.000000
3601 0.000000
3602 0.000000
3603 0.000000
3604 0.000000
3605 0.000000
3606 0.000000
3607 0.000000
3608 0.000000
3609 0.000000
3610 0.000000
3611 0.000000
3612 0.000000
3613 0.000000
3614 0.000000
3615 0.000000
3616 0.000000
3617 0.000000
3618 0.000000
3619 0.000000
3620 0.000000
3621 0.000000
3622 0.000000
3623 0.000000
3624 0.000000
3625 0.000000
3626 0.000000
3627 0.000000
3628 0.000000
3629 0.000000
3630 0.000000
3631 0.000000
3632 0.000000
3633 0.000000
3634 0.000000
3635 0.000000
3636 0.000000
3637 0.000000
3638 0.000000
3639 0.000000
3640 0.000000
3641 0.000000
3642 0.000000
3643 0.000000
3644 0.000000
3645 0.000000
3646 0.000000
3647 0.000000
3648 0.000000
3649 0.000000
3650 0.000000
3651 0.000000
3652 0.000000
3653 0.000000
3654 0.000000
3655 0.000000
3656 0.000000
3657 0.000000
3658 0.000000
3659 0.000000
3660 0.000000
3661 0.000000
3662 0.000000
3663 0.000000
3664 0.000000
3665 0.000000
3666 0.000000
3667 0.000000
3668 0.000000
3669 0.000000
3670 0.000000
3671 0.000000
3672 0.000000
3673 0.000000
3674 0.000000
3675 0.000000
3676 0.000000
3677 0.000000
3678 0.000000
3679 0.000000
3680 0.000000
3681 0.000000
3682 0.000000
3683 0.000000
3684 0.000000
3685 0.000000
3686 0.000000
3687 0.000000
3688 0.000000
3689 0.000000
3690 0.000000
3691 0.000000
3692 0.000000
3693 0.000000
3694 0.000000
3695 0.000000
3696 0.000000
3697 0.000000
3698 0.000000
3699 0.000000
3700 0.000000
3701 0.000000
3702 0.000000
3703 0.000000
3704 0.000000
3705 0.000000
3706 0.000000
3707 0.000000
3708 0.000000
3709 0.000000
3710 0.000000
3711 0.000000
3712 0.000000
3713 0.000000
3714 0.000000
3715 0.000000
3716 0.000000
3717 0.000000
3718 0.000000
3719 0.000000
3720 0.000000
3721 0.000000
3722 0.000000
3723 0.000000
3724 0.000000
3725 0.000000
3726 0.000000
3727 0.000000
3728 0.000000
3729 0.000000
3730 0.000000
3731 0.000000
3732 0.000000
3733 0.000000
3734 0.000000
3735 0.000000
3736 0.000000
3737 0.000000
3738 0.000000
3739 0.000000
3740 0.000000
3741 0.000000
3742 0.000000
3743 0.000000
3744 0.000000
3745 0.000000
3746 0.000000
3747 0.000000
3748 0.000000
3749 0.000000
3750 0.000000
3751 0.000000
3752 0.000000
3753 0.000000
3754 0.000000
3755 0.000000
3756 0.000000
3757 0.000000
3758 0.000000
3759 0.000000
3760 0.000000
3761 0.000000
3762 0.000000
3763 0.000000
3764 0.000000
3765 0.000000
3766 0.000000
3767 0.000000
3768 0.000000
3769 0.000000
3770 0.000000
3771 0.000000
3772 0.000000
3773 0.000000
3774 0.000000
3775 0.000000
3776 0.000000
3777 0.000000
3778 0.000000
3779 0.000000
3780 0.000000
3781 0.000000
3782 0.000000
3783 0.000000
3784 0.000000
3785 0.000000
3786 0.000000
3787 0.000000
3788 0.000000
3789 0.000000
3790 0.000000
3791 0.000000
3792 0.000000
3793 0.000000
3794 0.000000
3795 0.000000
3796 0.000000
3797 0.000000
3798 0.000000
3799 0.000000
3800 0.000000
3801 0.000000
3802 0.000000
3803 0.000000
3804 0.000000
3805 0.000000
3806 0.000000
3807 0.000000
3808 0.000000
3809 0.000000
3810 0.000000
3811 0.000000
3812 0.000000
3813 0.000000
3814 0.000000
3815 0.000000
3816 0.000000
3817 0.000000
3818 0.000000
3819 0.000000
3820 0.000000
3821 0.000000
3822 0.000000
3823 0.000000
3824 0.000000
3825 0.000000
3826 0.000000
3827 0.000000
3828 0.000000
3829 0.000000
3830 0.000000
3831 0.000000
3832 0.000000
3833 0.000000
3834 0.000000
3835 0.000000
3836 0.000000
3837 0.000000
3838 0.000000
3839 0.000000
3840 0.000000
3841 0.000000
3842 0.000000
3843 0.000000
3844 0.000000
3845 0.000000
3846 0.000000
3847 0.000000
3848 0.000000
3849 0.000000
3850 0.000000
3851 0.000000
3852 0.000000
3853 0.000000
3854 0.000000
3855 0.000000
3856 0.000000
3857 0.000000
3858 0.000000
3859 0.000000
3860 0.000000
3861 0.000000
3862 0.000000
3863 0.000000
3864 0.000000
3865 0.000000
3866 0.000000
3867 0.000000
3868 0.000000
3869 0.000000
3870 0.000000
3871 0.000000
3872 0.000000
3873 0.000000
3874 0.000000
3875 0.000000
3876 0.000000
3877 0.000000
3878 0.000000
3879 0.000000
3880 0.000000
3881 0.000000
3882 0.000000
3883 0.000000
3884 0.000000
3885 0.000000
3886 0.000000
3887 0.000000
3888 0.000000
3889 0.000000
3890 0.000000
3891 0.000000
3892 0.000000
3893 0.000000
3894 0.000000
3895 0.000000
3896 0.000000
3897 0.000000
3898 0.000000
3899 0.000000
3900 0.000000
3901 0.000000
3902 0.000000
3903 0.000000
3904 0.000000
3905 0.000000
3906 0.000000
3907 0.000000
3908 0.000000
3909 0.000000
3910 0.000000
3911 0.000000
3912 0.000000
3913 0.000000
3914 0.000000
3915 0.000000
3916 0.000000
3917 0.000000
3918 0.000000
3919 0.000000
3920 0.000000
3921 0.000000
3922 0.000000
3923 0.000000
3924 0.000000
3925 0.000000
3926 0.000000
3927 0.000000
3928 0.000000
3929 0.000000
3930 0.000000
3931 0.000000
3932 0.000000
3933 0.000000
3934 0.000000
3935 0.000000
3936 0.000000
3937 0.000000
3938 0.000000
3939 0.000000
3940 0.000000
3941 0.000000
3942 0.000000
3943 0.000000
3944 0.000000
3945 0.000000
3946 0.000000
3947 0.000000
3948 0.000000
3949 0.000000
3950 0.000000
3951 0.000000
3952 0.000000
3953 0.000000
3954 0.000000
3955 0.000000
3956 0.000000
3957 0.000000
3958 0.000000
3959 0.000000
3960 0.000000
3961 0.000000
3962 0.000000
3963 0.000000
3964 0.000000
3965 0.000000
3966 0.000000
3967 0.000000
3968 0.000000
3969 0.000000
3970 0.000000
3971 0.000000
3972 0.000000
3973 0.000000
3974 0.000000
3975 0.000000
3976 0.000000
3977 0.000000
3978 0.000000
3979 0.000000
3980 0.000000
3981 0.000000
3982 0.000000
3983 0.000000
3984 0.000000
3985 0.000000
3986 0.000000
3987 0.000000
3988 0.000000
3989 0.000000
3990 0.000000
3991 0.000000
3992 0.000000
3993 0.000000
3994 0.000000
3995 0.000000
3996 0.000000
3997 0.000000
3998 0.000000
3999 0.000000
4000 0.000000
4001 0.000000
4002 0.000000
4003 0.000000
4004 0.000000
4005 0.000000
4006 0.000000
4007 0.000000
4008 0.000000
4009 0.000000
4010 0.000000
4011 0.000000
4012 0.000000
4013 0.000000
4014 0.000000
4015 0.000000
4016 0.000000
4017 0.000000
4018 0.000000
4019 0.000000
4020 0.000000
4021 0.000000
4022 0.000000
4023 0.000000
4024 0.000000
4025 0.000000
4026 0.000000
4027 0.000000
4028 0.000000
4029 0.000000
4030 0.000000
4031 0.000000
4032 0.000000
4033 0.000000
4034 0.000000
4035 0.000000
4036 0.000000
4037 0.000000
4038 0.000000
4039 0.000000
4040 0.000000
4041 0.000000
4042 0.000000
4043 0.000000
4044 0.000000
4045 0.000000
4046 0.000000
4047 0.000000
4048 0.000000
4049 0.000000
4050 0.000000
4051 0.000000
4052 0.000000
4053 0.000000
4054 0.000000
4055 0.000000
4056 0.000000
4057 0.000000
4058 0.000000
4059 0.000000
4060 0.000000
4061 0.000000
4062 0.000000
4063 0.000000
4064 0.000000
4065 0.000000
4066 0.000000
4067 0.000000
4068 0.000000
4069 0.000000
4070 0.000000
4071 0.000000
4072 0.000000
4073 0.000000
4074 0.000000
4075 0.000000
4076 0.000000
4077 0.000000
4078 0.000000
4079 0.000000
4080 0.000000
4081 0.000000
4082 0.000000
4083 0.000000
4084 0.000000
4085 0.000000
4086 0.000000
4087 0.000000
4088 0.000000
4089 0.000000
4090 0.000000
4091 0.000000
4092 0.000000
4093 0.000000
4094 0.000000
4095 0.000000
