1 20.284519
2 4.745185
3 2.898259
4 1.915407
5 1.356111
6 1.013741
7 0.798148
8 0.637148
9 0.533444
10 0.449704
11 0.377667
12 0.335296
13 0.292296
14 0.263407
15 0.228926
16 0.206333
17 0.181667
18 0.169778
19 0.155889
20 0.141333
21 0.131852
22 0.120407
23 0.113333
24 0.105074
25 0.096852
26 0.096074
27 0.087778
28 0.078630
29 0.077444
30 0.073444
31 0.068778
32 0.063185
33 0.063037
34 0.058111
35 0.058667
36 0.054111
37 0.052222
38 0.048667
39 0.045259
40 0.043667
41 0.044000
42 0.040222
43 0.041667
44 0.037519
45 0.035889
46 0.035926
47 0.032556
48 0.031926
49 0.030185
50 0.030852
51 0.029185
52 0.027889
53 0.029185
54 0.026630
55 0.026481
56 0.026556
57 0.024444
58 0.024259
59 0.023704
60 0.023296
61 0.020926
62 0.021815
63 0.021148
64 0.020963
65 0.018222
66 0.019111
67 0.018407
68 0.020444
69 0.018519
70 0.017296
71 0.016370
72 0.016333
73 0.016222
74 0.017222
75 0.015296
76 0.014667
77 0.013778
78 0.014148
79 0.013741
80 0.014259
81 0.013630
82 0.014148
83 0.013630
84 0.013593
85 0.012000
86 0.011370
87 0.012407
88 0.011185
89 0.010556
90 0.011037
91 0.011000
92 0.012481
93 0.011593
94 0.009519
95 0.010259
96 0.010963
97 0.009037
98 0.009259
99 0.010889
100 0.009333
101 0.009185
102 0.009741
103 0.009481
104 0.009407
105 0.009037
106 0.008481
107 0.009111
108 0.009000
109 0.008259
110 0.007259
111 0.008000
112 0.007815
113 0.007370
114 0.007593
115 0.008296
116 0.007148
117 0.007037
118 0.007333
119 0.007778
120 0.006704
121 0.007593
122 0.006667
123 0.006333
124 0.005667
125 0.006222
126 0.006852
127 0.006370
128 0.005259
129 0.005815
130 0.006000
131 0.007185
132 0.005556
133 0.005519
134 0.005407
135 0.006037
136 0.005815
137 0.006815
138 0.005630
139 0.005000
140 0.004704
141 0.005889
142 0.005519
143 0.005630
144 0.005630
145 0.004481
146 0.004889
147 0.005444
148 0.006037
149 0.004778
150 0.005407
151 0.004185
152 0.004333
153 0.004889
154 0.004889
155 0.004630
156 0.004148
157 0.004481
158 0.004185
159 0.004407
160 0.004667
161 0.005185
162 0.003407
163 0.004852
164 0.004185
165 0.004407
166 0.004370
167 0.004259
168 0.004407
169 0.004222
170 0.004741
171 0.004000
172 0.003667
173 0.004148
174 0.004148
175 0.003704
176 0.004444
177 0.003778
178 0.004259
179 0.003741
180 0.004407
181 0.002852
182 0.003852
183 0.003704
184 0.003222
185 0.003593
186 0.003963
187 0.003259
188 0.003444
189 0.003519
190 0.003407
191 0.003444
192 0.003815
193 0.003556
194 0.003444
195 0.003296
196 0.002519
197 0.003037
198 0.003407
199 0.003519
200 0.003407
201 0.003111
202 0.002963
203 0.003037
204 0.002630
205 0.002889
206 0.002704
207 0.003407
208 0.003185
209 0.002741
210 0.002926
211 0.003074
212 0.002556
213 0.003000
214 0.003370
215 0.002481
216 0.002963
217 0.003556
218 0.002444
219 0.002778
220 0.002926
221 0.002519
222 0.002481
223 0.002556
224 0.003074
225 0.002185
226 0.002593
227 0.002370
228 0.002704
229 0.003111
230 0.002481
231 0.002407
232 0.002963
233 0.002444
234 0.002778
235 0.002148
236 0.002444
237 0.002963
238 0.002444
239 0.002259
240 0.002926
241 0.002556
242 0.002852
243 0.002481
244 0.002185
245 0.002667
246 0.002407
247 0.002593
248 0.002185
249 0.002259
250 0.002704
251 0.002481
252 0.002074
253 0.002593
254 0.002370
255 0.001852
256 0.002444
257 0.002556
258 0.002000
259 0.002074
260 0.002333
261 0.002111
262 0.002074
263 0.002704
264 0.001889
265 0.002222
266 0.001889
267 0.002259
268 0.002815
269 0.002037
270 0.002000
271 0.002148
272 0.002074
273 0.001963
274 0.002704
275 0.002185
276 0.002037
277 0.001630
278 0.002111
279 0.001889
280 0.002000
281 0.001704
282 0.002148
283 0.002296
284 0.002111
285 0.002370
286 0.001815
287 0.002296
288 0.002407
289 0.001889
290 0.002333
291 0.002333
292 0.001667
293 0.002148
294 0.002481
295 0.002519
296 0.002296
297 0.002519
298 0.002111
299 0.001778
300 0.001778
301 0.001815
302 0.001667
303 0.002037
304 0.002148
305 0.001741
306 0.002593
307 0.002222
308 0.002481
309 0.001889
310 0.001444
311 0.001852
312 0.002333
313 0.001667
314 0.001556
315 0.002481
316 0.002074
317 0.001741
318 0.001852
319 0.002370
320 0.001963
321 0.002037
322 0.002333
323 0.001667
324 0.002185
325 0.001741
326 0.001741
327 0.002222
328 0.002000
329 0.001963
330 0.001852
331 0.001741
332 0.002074
333 0.002037
334 0.002222
335 0.001667
336 0.001704
337 0.001333
338 0.002074
339 0.001889
340 0.001963
341 0.001852
342 0.002185
343 0.001333
344 0.001593
345 0.002667
346 0.001444
347 0.002333
348 0.001815
349 0.001667
350 0.001741
351 0.002185
352 0.002296
353 0.002000
354 0.001444
355 0.002111
356 0.001815
357 0.001593
358 0.001407
359 0.002037
360 0.001556
361 0.001741
362 0.001963
363 0.001556
364 0.001519
365 0.001852
366 0.001741
367 0.002000
368 0.002370
369 0.001407
370 0.001889
371 0.001556
372 0.001630
373 0.001407
374 0.001778
375 0.001370
376 0.001630
377 0.001741
378 0.001926
379 0.001815
380 0.001778
381 0.001444
382 0.002222
383 0.001963
384 0.001444
385 0.001889
386 0.001407
387 0.001889
388 0.001407
389 0.001889
390 0.001593
391 0.001556
392 0.001481
393 0.002037
394 0.001667
395 0.001852
396 0.001148
397 0.002333
398 0.001704
399 0.001704
400 0.001815
401 0.002037
402 0.002000
403 0.002037
404 0.001667
405 0.001778
406 0.001704
407 0.001407
408 0.002037
409 0.002444
410 0.001259
411 0.001815
412 0.001593
413 0.002407
414 0.002037
415 0.001556
416 0.001852
417 0.001593
418 0.001741
419 0.001778
420 0.001889
421 0.001667
422 0.001593
423 0.001333
424 0.001963
425 0.001963
426 0.001741
427 0.002000
428 0.001630
429 0.002000
430 0.001556
431 0.001963
432 0.001519
433 0.001778
434 0.001407
435 0.002111
436 0.001741
437 0.001185
438 0.002000
439 0.001667
440 0.002148
441 0.001630
442 0.001444
443 0.001815
444 0.001778
445 0.001667
446 0.001519
447 0.001407
448 0.001815
449 0.001667
450 0.001778
451 0.001815
452 0.001667
453 0.001593
454 0.001704
455 0.001407
456 0.001667
457 0.001519
458 0.001407
459 0.001704
460 0.001741
461 0.001852
462 0.001778
463 0.002185
464 0.001630
465 0.001593
466 0.001593
467 0.001852
468 0.001519
469 0.001259
470 0.001778
471 0.001593
472 0.001778
473 0.001148
474 0.001815
475 0.001852
476 0.001852
477 0.001259
478 0.002000
479 0.001704
480 0.001704
481 0.001852
482 0.001593
483 0.001370
484 0.001630
485 0.001444
486 0.002000
487 0.002148
488 0.001333
489 0.001444
490 0.001889
491 0.001185
492 0.000889
493 0.001778
494 0.001444
495 0.001481
496 0.001704
497 0.001333
498 0.001333
499 0.001889
500 0.002037
501 0.001519
502 0.001630
503 0.001556
504 0.001556
505 0.001630
506 0.001370
507 0.001593
508 0.001704
509 0.002074
510 0.001889
511 0.001852
512 0.001444
513 0.001333
514 0.001481
515 0.001667
516 0.001148
517 0.001815
518 0.001444
519 0.001556
520 0.001667
521 0.001222
522 0.001815
523 0.001519
524 0.001963
525 0.001741
526 0.001593
527 0.001667
528 0.001370
529 0.001852
530 0.001259
531 0.001667
532 0.001815
533 0.001481
534 0.001630
535 0.001444
536 0.001444
537 0.001481
538 0.001593
539 0.001926
540 0.001481
541 0.001370
542 0.001185
543 0.001444
544 0.001370
545 0.001444
546 0.001444
547 0.001259
548 0.001444
549 0.001444
550 0.001370
551 0.001074
552 0.001222
553 0.001037
554 0.001444
555 0.001333
556 0.001259
557 0.001407
558 0.000926
559 0.001296
560 0.001593
561 0.001407
562 0.001148
563 0.001444
564 0.001296
565 0.001481
566 0.001037
567 0.001148
568 0.001111
569 0.001148
570 0.000963
571 0.001111
572 0.000963
573 0.001259
574 0.001037
575 0.001556
576 0.001333
577 0.001259
578 0.001148
579 0.001444
580 0.001074
581 0.000778
582 0.001407
583 0.001481
584 0.001593
585 0.001074
586 0.001630
587 0.001222
588 0.001148
589 0.001074
590 0.001333
591 0.001111
592 0.000815
593 0.000667
594 0.000630
595 0.000630
596 0.000889
597 0.001148
598 0.000963
599 0.000889
600 0.000630
601 0.001185
602 0.000593
603 0.000926
604 0.000926
605 0.000778
606 0.000704
607 0.000815
608 0.001074
609 0.001037
610 0.001000
611 0.000704
612 0.000630
613 0.000630
614 0.000667
615 0.000741
616 0.000630
617 0.000630
618 0.000519
619 0.000630
620 0.000889
621 0.000519
622 0.000296
623 0.000704
624 0.000296
625 0.000444
626 0.000519
627 0.000444
628 0.000593
629 0.000444
630 0.000704
631 0.000370
632 0.000519
633 0.000556
634 0.000519
635 0.000741
636 0.000444
637 0.000630
638 0.000407
639 0.000444
640 0.000259
641 0.000370
642 0.000333
643 0.000407
644 0.000444
645 0.000296
646 0.000222
647 0.000481
648 0.000333
649 0.000333
650 0.000222
651 0.000185
652 0.000148
653 0.000333
654 0.000185
655 0.000370
656 0.000111
657 0.000296
658 0.000296
659 0.000111
660 0.000148
661 0.000111
662 0.000037
663 0.000185
664 0.000222
665 0.000111
666 0.000111
667 0.000259
668 0.000148
669 0.000111
670 0.000148
671 0.000074
672 0.000111
673 0.000037
674 0.000074
675 0.000037
676 0.000185
677 0.000111
678 0.000037
679 0.000037
680 0.000074
681 0.000111
682 0.000074
683 0.000111
684 0.000111
685 0.000000
686 0.000037
687 0.000185
688 0.000074
689 0.000074
690 0.000037
691 0.000000
692 0.000074
693 0.000037
694 0.000074
695 0.000000
696 0.000037
697 0.000074
698 0.000000
699 0.000000
700 0.000000
701 0.000000
702 0.000111
703 0.000000
704 0.000000
705 0.000000
706 0.000000
707 0.000000
708 0.000000
709 0.000000
710 0.000000
711 0.000037
712 0.000000
713 0.000037
714 0.000000
715 0.000037
716 0.000037
717 0.000037
718 0.000037
719 0.000037
720 0.000000
721 0.000000
722 0.000000
723 0.000000
724 0.000000
725 0.000000
726 0.000000
727 0.000037
728 0.000000
729 0.000000
730 0.000000
731 0.000000
732 0.000000
733 0.000000
734 0.000000
735 0.000000
736 0.000000
737 0.000000
738 0.000000
739 0.000037
740 0.000000
741 0.000000
742 0.000037
743 0.000000
744 0.000000
745 0.000000
746 0.000000
747 0.000000
748 0.000000
749 0.000000
750 0.000000
751 0.000000
752 0.000000
753 0.000000
754 0.000037
755 0.000000
756 0.000000
757 0.000000
758 0.000000
759 0.000000
760 0.000000
761 0.000000
762 0.000000
763 0.000000
764 0.000000
765 0.000000
766 0.000000
767 0.000000
768 0.000000
769 0.000000
770 0.000000
771 0.000000
772 0.000000
773 0.000000
774 0.000000
775 0.000000
776 0.000000
777 0.000000
778 0.000000
779 0.000000
780 0.000000
781 0.000000
782 0.000000
783 0.000000
784 0.000000
785 0.000000
786 0.000000
787 0.000000
788 0.000000
789 0.000000
790 0.000000
791 0.000000
792 0.000000
793 0.000000
794 0.000000
795 0.000000
796 0.000000
797 0.000000
798 0.000000
799 0.000000
800 0.000000
801 0.000000
802 0.000000
803 0.000000
804 0.000000
805 0.000000
806 0.000000
807 0.000000
808 0.000000
809 0.000000
810 0.000000
811 0.000000
812 0.000000
813 0.000000
814 0.000000
815 0.000000
816 0.000000
817 0.000000
818 0.000000
819 0.000000
820 0.000000
821 0.000000
822 0.000000
823 0.000000
824 0.000000
825 0.000000
826 0.000000
827 0.000000
828 0.000000
829 0.000000
830 0.000000
831 0.000000
832 0.000000
833 0.000000
834 0.000000
835 0.000000
836 0.000000
837 0.000000
838 0.000000
839 0.000000
840 0.000000
841 0.000000
842 0.000000
843 0.000000
844 0.000000
845 0.000000
846 0.000000
847 0.000000
848 0.000000
849 0.000000
850 0.000000
851 0.000000
852 0.000000
853 0.000000
854 0.000000
855 0.000000
856 0.000000
857 0.000000
858 0.000000
859 0.000000
860 0.000000
861 0.000000
862 0.000000
863 0.000000
864 0.000000
865 0.000000
866 0.000000
867 0.000000
868 0.000000
869 0.000000
870 0.000000
871 0.000000
872 0.000000
873 0.000000
874 0.000000
875 0.000000
876 0.000000
877 0.000000
878 0.000000
879 0.000000
880 0.000000
881 0.000000
882 0.000000
883 0.000000
884 0.000000
885 0.000000
886 0.000000
887 0.000000
888 0.000000
889 0.000000
890 0.000000
891 0.000000
892 0.000000
893 0.000000
894 0.000000
895 0.000000
896 0.000000
897 0.000000
898 0.000000
899 0.000000
900 0.000000
901 0.000000
902 0.000000
903 0.000000
904 0.000000
905 0.000000
906 0.000000
907 0.000000
908 0.000000
909 0.000000
910 0.000000
911 0.000000
912 0.000000
913 0.000000
914 0.000000
915 0.000000
916 0.000000
917 0.000000
918 0.000000
919 0.000000
920 0.000000
921 0.000000
922 0.000000
923 0.000000
924 0.000000
925 0.000000
926 0.000000
927 0.000000
928 0.000000
929 0.000000
930 0.000000
931 0.000000
932 0.000000
933 0.000000
934 0.000000
935 0.000000
936 0.000000
937 0.000000
938 0.000000
939 0.000000
940 0.000000
941 0.000000
942 0.000000
943 0.000000
944 0.000000
945 0.000000
946 0.000000
947 0.000000
948 0.000000
949 0.000000
950 0.000000
951 0.000000
952 0.000000
953 0.000000
954 0.000000
955 0.000000
956 0.000000
957 0.000000
958 0.000000
959 0.000000
960 0.000000
961 0.000000
962 0.000000
963 0.000000
964 0.000000
965 0.000000
966 0.000000
967 0.000000
968 0.000000
969 0.000000
970 0.000000
971 0.000000
972 0.000000
973 0.000000
974 0.000000
975 0.000000
976 0.000000
977 0.000000
978 0.000000
979 0.000000
980 0.000000
981 0.000000
982 0.000000
983 0.000000
984 0.000000
985 0.000000
986 0.000000
987 0.000000
988 0.000000
989 0.000000
990 0.000000
991 0.000000
992 0.000000
993 0.000000
994 0.000000
995 0.000000
996 0.000000
997 0.000000
998 0.000000
999 0.000000
1000 0.000000
1001 0.000000
1002 0.000000
1003 0.000000
1004 0.000000
1005 0.000000
1006 0.000000
1007 0.000000
1008 0.000000
1009 0.000000
1010 0.000000
1011 0.000000
1012 0.000000
1013 0.000000
1014 0.000000
1015 0.000000
1016 0.000000
1017 0.000000
1018 0.000000
1019 0.000000
1020 0.000000
1021 0.000000
1022 0.000000
1023 0.000000
